data = [1 0.00000,
2 0.00000,
3 0.00000,
4 0.00000,
5 0.00000,
6 0.00000,
7 0.00000,
8 0.00000,
9 0.00000,
10 0.00000,
11 0.00000,
12 0.00000,
13 0.00000,
14 0.00000,
15 0.00000,
16 0.00000,
17 0.00000,
18 0.00000,
19 0.00000,
20 0.00000,
21 0.00000,
22 0.00000,
23 0.00000,
24 0.00000,
25 0.00000,
26 0.00000,
27 0.00000,
28 0.00000,
29 0.00000,
30 0.00000,
31 0.00000,
32 0.00000,
33 0.00000,
34 0.00000,
35 0.00000,
36 0.00000,
37 0.00000,
38 0.06665,
39 0.06665,
40 0.06665,
41 0.06665,
42 0.06665,
43 0.06665,
44 0.06665,
45 0.06665,
46 0.06665,
47 0.06665,
48 0.06665,
49 0.06665,
50 0.06665,
51 0.06665,
52 0.06665,
53 0.06665,
54 0.06665,
55 0.06665,
56 0.06665,
57 0.06665,
58 0.06665,
59 9.58413,
60 9.58413,
61 9.58413,
62 9.58413,
63 9.58413,
64 9.58413,
65 9.58413,
66 9.58413,
67 9.58413,
68 21.20648,
69 21.20648,
70 21.20648,
71 21.20648,
72 21.20648,
73 21.20648,
74 21.20648,
75 28.77505,
76 28.77505,
77 28.77505,
78 28.77505,
79 28.77505,
80 34.65940,
81 34.65940,
82 34.65940,
83 34.65940,
84 40.77804,
85 40.77804,
86 40.77804,
87 40.77804,
88 40.77804,
89 44.48966,
90 44.48966,
91 44.48966,
92 48.85723,
93 48.85723,
94 48.85723,
95 48.85723,
96 51.93978,
97 51.93978,
98 51.93978,
99 55.46557,
100 55.46557,
101 55.46557,
102 59.69959,
103 59.69959,
104 59.69959,
105 62.92474,
106 62.92474,
107 67.17120,
108 67.17120,
109 67.17120,
110 69.07826,
111 69.07826,
112 72.31774,
113 72.31774,
114 72.31774,
115 74.02911,
116 74.02911,
117 76.72673,
118 76.72673,
119 80.38844,
120 80.38844,
121 82.82077,
122 82.82077,
123 86.48424,
124 86.48424,
125 87.45132,
126 87.45132,
127 90.18868,
128 90.18868,
129 91.16490,
130 91.16490,
131 93.26154,
132 96.80729,
133 96.80729,
134 98.72772,
135 98.72772,
136 102.23067,
137 102.61392,
138 102.61392,
139 104.97512,
140 105.58250,
141 105.58250,
142 107.34220,
143 110.70683,
144 110.70683,
145 112.52729,
146 115.73896,
147 115.73896,
148 115.73896,
149 118.23871,
150 118.11116,
151 118.11116,
152 119.79108,
153 123.29848,
154 124.56092,
155 124.56092,
156 128.05735,
157 127.60961,
158 130.03450,
159 129.57283,
160 129.57283,
161 131.28182,
162 134.50743,
163 135.84248,
164 139.29904,
165 138.41851,
166 140.55076,
167 140.55076,
168 140.01156,
169 141.45870,
170 145.01860,
171 146.18029,
172 149.37113,
173 148.15838,
174 150.60391,
175 149.57519,
176 150.60391,
177 154.86428,
178 155.52421,
179 158.91007,
180 157.53819,
181 159.83802,
182 158.91007,
183 159.83802,
184 163.17294,
185 164.89314,
186 167.67082,
187 166.64999,
188 168.44468,
189 167.41444,
190 168.44468,
191 171.88233,
192 172.96847,
193 176.59523,
194 174.34561,
195 176.88052,
196 175.18247,
197 180.08067,
198 180.97363,
199 184.32499,
200 182.48175,
201 184.63583,
202 182.78639,
203 184.01519,
204 188.44931,
205 192.08604,
206 190.08514,
207 191.74964,
208 190.41574,
209 191.41441,
210 195.86592,
211 199.43359,
212 197.27755,
213 199.43359,
214 198.34971,
215 202.00930,
216 202.75749,
217 206.19406,
218 205.80647,
219 204.27061,
220 204.65242,
221 209.34808,
222 213.42893,
223 210.55586,
224 210.55586,
225 211.36882,
226 215.52961,
227 220.74404,
228 216.80999,
229 219.41693,
230 217.67205,
231 221.63774,
232 222.08731,
233 222.99194,
234 224.82350,
235 223.44703,
236 227.62796,
237 228.10218,
238 229.05657,
239 230.98954,
240 229.05657,
241 233.45211,
242 238.01966,
243 234.45191,
244 236.47741,
245 234.45191,
246 239.58215,
247 242.76950,
248 239.05905,
249 239.58215,
250 240.10755,
251 244.39518,
252 244.94194,
253 248.27447,
254 245.49113,
255 249.40557,
256 254.03491,
257 250.54701,
258 249.40557,
259 250.54701,
260 254.62568,
261 255.21922,
262 257.62127,
263 255.21922,
264 259.45272,
265 264.46630,
266 262.56365,
267 258.22888,
268 264.46630,
269 269.01486,
270 265.10665,
271 263.82904,
272 264.46630,
273 269.67745,
274 269.67745,
275 268.35549,
276 269.01486,
277 274.40863,
278 273.72262,
279 276.48748,
280 273.04000,
281 277.89099,
282 282.91741,
283 280.74114,
284 277.18746,
285 282.18826,
286 286.62054,
287 285.12771,
288 282.18826,
289 287.37283,
290 286.62054,
291 288.88931,
292 285.87219,
293 290.42187,
294 290.42187,
295 289.65356,
296 289.65356,
297 295.11871,
298 294.32540,
299 292.75146,
300 298.33526,
301 303.29376,
302 298.33526,
303 296.71829,
304 302.45593,
305 306.69201,
306 304.98342,
307 300.79409,
308 306.69201,
309 306.69201,
310 304.13623,
311 309.29110,
312 311.93460,
313 310.16726,
314 307.55349,
315 313.72219,
316 317.35955,
317 315.53039,
318 311.93460,
319 317.35955,
320 316.44232,
321 314.62368,
322 321.08224,
323 324.89331,
324 322.02661,
325 318.28210,
326 322.97653,
327 322.97653,
328 321.08224,
329 328.79592,
330 331.78500,
331 328.79592,
332 323.93209,
333 330.78262,
334 329.78628,
335 327.81152,
336 332.79345,
337 337.92916,
338 334.82888,
339 337.92916,
340 340.02810,
341 336.88937,
342 333.80807,
343 337.92916,
344 336.88937,
345 335.85595,
346 342.15325,
347 347.58428,
348 344.30517,
349 344.30517,
350 348.69122,
351 345.39132,
352 342.15325,
353 347.58428,
354 346.48431,
355 344.30517,
356 349.80526,
357 348.69122,
358 346.48431,
359 350.92642,
360 357.80734,
361 348.69122,
362 354.33349,
363 360.16134,
364 356.64184,
365 352.05480,
366 362.54650,
367 358.98046,
368 354.33349,
369 358.98046,
370 361.34997,
371 356.64184,
372 362.54650,
373 361.34997,
374 358.98046,
375 364.96350,
376 363.75097,
377 360.16134,
378 367.41290,
379 366.18411,
380 363.75097,
381 368.64999,
382 368.64999,
383 366.18411,
384 371.14932,
385 371.14932,
386 367.41290,
387 373.68273,
388 373.68273,
389 369.89541,
390 376.25100,
391 374.96249,
392 371.14932,
393 378.85482,
394 376.25100,
395 373.68273,
396 380.17028,
397 378.85482,
398 376.25100,
399 382.82882,
400 381.49493,
401 377.54843,
402 382.82882,
403 382.82882,
404 378.85482,
405 385.52481,
406 384.17208,
407 381.49493,
408 388.25903,
409 386.88708,
410 382.82882,
411 389.64074,
412 388.25903,
413 385.52481,
414 391.03231,
415 393.84548,
416 386.88708,
417 398.14199,
418 398.14199,
419 389.64074,
420 399.59506,
421 396.69943,
422 396.69943,
423 401.05877,
424 392.43386,
425 398.14199,
426 396.69943,
427 395.26730,
428 399.59506,
429 399.59506,
430 395.26730,
431 402.53326,
432 404.01861,
433 398.14199,
434 408.54122,
435 404.01861,
436 405.51498,
437 410.07135,
438 399.59506,
439 407.02249,
440 405.51498,
441 401.05877,
442 408.54122,
443 407.02249,
444 404.01861,
445 410.07135,
446 411.61294,
447 405.51498,
448 416.30816,
449 407.02249,
450 413.16622,
451 411.61294,
452 408.54122,
453 414.73123,
454 413.16622,
455 408.54122,
456 419.49826,
457 416.30816,
458 417.89712,
459 422.73764,
460 411.61294,
461 417.89712,
462 416.30816,
463 413.16622,
464 419.49826,
465 421.11172,
466 414.73123,
467 426.02740,
468 416.30816,
469 422.73764,
470 421.11172,
471 417.89712,
472 424.37615,
473 424.37615,
474 417.89712,
475 429.36880,
476 419.49826,
477 426.02740,
478 424.37615,
479 419.49826,
480 427.69158,
481 427.69158,
482 421.11172,
483 432.76303,
484 422.73764,
485 429.36880,
486 427.69158,
487 424.37615,
488 431.05923,
489 431.05923,
490 431.05923,
491 437.95617,
492 426.02740,
493 432.76303,
494 431.05923,
495 427.69158,
496 437.95617,
497 434.48034,
498 432.76303,
499 432.76303,
500 429.36880,
501 434.48034,
502 436.21133,
503 436.21133,
504 441.48809,
505 431.05923,
506 437.95617,
507 437.95617,
508 431.05923,
509 443.27548,
510 432.76303,
511 439.71505,
512 437.95617,
513 432.76303,
514 445.07742,
515 439.71505,
516 441.48809,
517 439.71505,
518 436.21133,
519 441.48809,
520 443.27548,
521 443.27548,
522 448.72561,
523 436.21133,
524 445.07742,
525 445.07742,
526 437.95617,
527 448.72561,
528 439.71505,
529 445.07742,
530 445.07742,
531 441.48809,
532 452.43408,
533 439.71505,
534 448.72561,
535 445.07742,
536 441.48809,
537 454.31140,
538 441.48809,
539 448.72561,
540 446.89407,
541 443.27548,
542 456.20437,
543 443.27548,
544 450.57220,
545 448.72561,
546 445.07742,
547 456.20437,
548 445.07742,
549 452.43408,
550 450.57220,
551 445.07742,
552 458.11315,
553 445.07742,
