random = [
107 0.00000,
149 0.00000,
573 0.00000,
558 0.06146,
230 0.06146,
372 56.30628,
244 101.72936,
378 101.72936,
423 111.85678,
209 120.77289,
340 132.62593,
465 142.85707,
592 144.92747,
342 163.66604,
487 175.74684,
603 184.50175,
227 199.60070,
629 216.45011,
140 214.13265,
512 233.64474,
403 240.96374,
269 248.75610,
409 249.37643,
657 255.10192,
260 261.09649,
433 269.54165,
199 275.48196,
178 284.09078,
516 280.11190,
635 275.48196,
197 292.39752,
126 295.85784,
612 291.54504,
167 294.11752,
510 300.30017,
133 295.85784,
479 303.03015,
449 303.03015,
679 301.20468,
121 309.59738,
467 315.45727,
372 308.64184,
293 320.51266,
436 318.47119,
585 315.45727,
645 328.94720,
528 327.86871,
191 335.57031,
694 335.57031,
257 332.22576,
501 341.29678,
453 338.98287,
608 338.98287,
644 347.22204,
368 352.11251,
390 349.65017,
424 359.71206,
696 352.11251,
430 358.42276,
203 359.71206,
422 358.42276,
566 367.64688,
649 359.71206,
324 367.64688,
501 369.00350,
353 367.64688,
277 378.78768,
508 367.64688,
328 373.13415,
233 371.74703,
398 367.64688,
281 378.78768,
335 369.00350,
113 373.13415,
565 375.93966,
314 374.53164,
363 374.53164,
436 370.37020,
525 377.35830,
369 378.78768,
415 378.78768,
194 378.78768,
529 374.53164,
401 384.61520,
417 375.93966,
495 383.14157,
205 384.61520,
504 384.61520,
151 383.14157,
598 380.22796,
688 384.61520,
423 387.59671,
405 389.10488,
182 393.70059,
652 384.61520,
666 389.10488,
416 393.70059,
637 395.25674,
138 392.15667,
244 389.10488,
601 398.40618,
397 389.10488,
171 395.25674,
528 395.25674,
237 393.70059,
258 392.15667,
677 387.59671,
697 390.62481,
394 392.15667,
604 401.60623,
309 390.62481,
531 398.40618,
645 398.40618,
475 398.40618,
535 398.40618,
198 396.82522,
242 404.85812,
299 395.25674,
468 398.40618,
312 399.99981,
160 399.99981,
257 396.82522,
694 390.62481,
308 401.60623,
695 396.82522,
268 399.99981,
213 396.82522,
230 399.99981,
506 399.99981,
262 399.99981,
242 396.82522,
665 393.70059,
182 401.60623,
152 392.15667,
467 395.25674,
121 393.70059,
595 389.10488,
212 398.40618,
571 390.62481,
201 393.70059,
690 393.70059,
331 392.15667,
438 392.15667,
157 387.59671,
116 398.40618,
690 386.10021,
540 390.62481,
179 395.25674,
435 395.25674,
506 392.15667,
672 389.10488,
398 396.82522,
595 390.62481,
619 395.25674,
154 399.99981,
123 399.99981,
389 396.82522,
660 390.62481,
605 401.60623,
226 393.70059,
223 404.85812,
606 395.25674,
513 399.99981,
270 399.99981,
538 403.22561,
194 398.40618,
520 393.70059,
144 403.22561,
266 392.15667,
434 396.82522,
126 396.82522,
694 395.25674,
263 392.15667,
238 389.10488,
344 398.40618,
290 387.59671,
450 392.15667,
259 389.10488,
323 386.10021,
247 395.25674,
485 386.10021,
317 390.62481,
372 390.62481,
439 389.10488,
147 387.59671,
685 384.61520,
596 395.25674,
185 386.10021,
323 393.70059,
320 392.15667,
444 390.62481,
468 387.59671,
635 386.10021,
415 396.82522,
325 387.59671,
234 393.70059,
542 393.70059,
111 392.15667,
379 390.62481,
652 384.61520,
544 392.15667,
395 387.59671,
318 393.70059,
696 395.25674,
592 395.25674,
115 395.25674,
491 392.15667,
333 403.22561,
369 390.62481,
497 396.82522,
253 395.25674,
647 396.82522,
525 398.40618,
510 398.40618,
162 396.82522,
511 395.25674,
508 403.22561,
677 395.25674,
461 401.60623,
325 401.60623,
635 396.82522,
168 408.16308,
495 398.40618,
676 404.85812,
667 404.85812,
539 406.50387,
374 408.16308,
631 406.50387,
256 406.50387,
401 401.60623,
572 411.52243,
660 401.60623,
594 408.16308,
284 404.85812,
255 409.83587,
289 409.83587,
107 406.50387,
115 404.85812,
293 398.40618,
669 406.50387,
180 396.82522,
155 403.22561,
355 399.99981,
406 399.99981,
463 399.99981,
602 399.99981,
576 398.40618,
608 395.25674,
349 406.50387,
631 396.82522,
544 403.22561,
138 404.85812,
508 403.22561,
297 401.60623,
151 398.40618,
349 408.16308,
103 395.25674,
231 404.85812,
631 393.70059,
314 398.40618,
519 398.40618,
275 392.15667,
309 403.22561,
280 392.15667,
629 396.82522,
323 398.40618,
554 399.99981,
560 396.82522,
637 395.25674,
445 406.50387,
217 398.40618,
625 401.60623,
300 395.25674,
156 401.60623,
264 401.60623,
697 399.99981,
148 398.40618,
604 395.25674,
450 403.22561,
250 393.70059,
476 398.40618,
312 399.99981,
254 399.99981,
697 396.82522,
204 392.15667,
681 403.22561,
248 392.15667,
565 398.40618,
678 396.82522,
399 398.40618,
109 401.60623,
629 399.99981,
253 399.99981,
383 393.70059,
147 403.22561,
307 392.15667,
273 396.82522,
222 395.25674,
205 393.70059,
676 390.62481,
153 386.10021,
524 396.82522,
530 386.10021,
666 392.15667,
100 392.15667,
544 390.62481,
270 399.99981,
385 390.62481,
116 395.25674,
198 396.82522,
655 393.70059,
433 390.62481,
657 387.59671,
276 398.40618,
678 389.10488,
166 395.25674,
657 395.25674,
611 393.70059,
378 395.25674,
514 392.15667,
319 401.60623,
637 392.15667,
633 398.40618,
291 395.25674,
620 399.99981,
662 401.60623,
533 403.22561,
297 401.60623,
331 398.40618,
288 406.50387,
289 396.82522,
373 401.60623,
577 401.60623,
404 401.60623,
658 399.99981,
100 395.25674,
554 399.99981,
660 395.25674,
215 406.50387,
247 396.82522,
180 399.99981,
230 401.60623,
655 398.40618,
646 396.82522,
407 395.25674,
138 401.60623,
100 401.60623,
626 398.40618,
335 396.82522,
157 395.25674,
213 403.22561,
414 392.15667,
693 396.82522,
660 392.15667,
454 399.99981,
518 401.60623,
457 401.60623,
685 401.60623,
229 396.82522,
515 409.83587,
663 398.40618,
202 403.22561,
617 406.50387,
143 403.22561,
119 401.60623,
667 401.60623,
247 401.60623,
369 398.40618,
295 408.16308,
403 398.40618,
373 401.60623,
403 404.85812,
448 401.60623,
485 396.82522,
558 395.25674,
359 408.16308,
106 396.82522,
630 406.50387,
324 396.82522,
232 403.22561,
673 401.60623,
503 401.60623,
397 399.99981,
620 398.40618,
250 409.83587,
331 399.99981,
380 404.85812,
503 401.60623,
600 396.82522,
620 401.60623,
433 399.99981,
558 411.52243,
303 399.99981,
576 406.50387,
650 404.85812,
434 406.50387,
480 408.16308,
179 401.60623,
132 406.50387,
674 399.99981,
449 409.83587,
242 399.99981,
549 404.85812,
471 404.85812,
610 406.50387,
179 404.85812,
683 401.60623,
470 413.22296,
340 403.22561,
623 413.22296,
150 403.22561,
671 406.50387,
529 408.16308,
618 408.16308,
646 406.50387,
399 403.22561,
130 408.16308,
521 403.22561,
276 413.22296,
424 401.60623,
544 406.50387,
258 408.16308,
196 406.50387,
271 404.85812,
364 404.85812,
660 401.60623,
498 398.40618,
451 409.83587,
240 399.99981,
603 406.50387,
451 403.22561,
301 399.99981,
105 411.52243,
580 398.40618,
518 408.16308,
174 398.40618,
549 404.85812,
313 406.50387,
420 404.85812,
525 403.22561,
312 398.40618,
283 406.50387,
488 398.40618,
417 403.22561,
308 403.22561,
250 401.60623,
424 401.60623,
295 401.60623,
557 398.40618,
611 393.70059,
190 406.50387,
166 395.25674,
510 401.60623,
693 401.60623,
253 401.60623,
465 399.99981,
660 395.25674,
642 406.50387,
303 398.40618,
252 408.16308,
207 396.82522,
241 401.60623,
210 404.85812,
300 401.60623,
699 395.25674,
427 393.70059,
471 406.50387,
487 395.25674,
114 399.99981,
525 401.60623,
141 398.40618,
217 404.85812,
648 392.15667,
342 396.82522,
415 398.40618,
674 396.82522,
345 398.40618,
273 399.99981,
120 396.82522,
611 393.70059,
339 399.99981,
554 393.70059,
605 399.99981,
629 401.60623,
353 403.22561,
489 403.22561,
266 398.40618,
456 408.16308,
404 396.82522,
360 408.16308,
598 396.82522,
692 403.22561,
220 406.50387,
616 404.85812,
680 404.85812,
567 401.60623,
652 413.22296,
239 403.22561,
198 413.22296,
601 401.60623,
511 408.16308,
516 409.83587,
591 408.16308,
371 408.16308,
428 404.85812,
571 413.22296,
561 403.22561,
145 414.93756,
220 404.85812,
140 409.83587,
258 406.50387,
553 404.85812,
327 401.60623,
650 398.40618,
611 409.83587,
663 401.60623,
494 408.16308,
233 411.52243,
227 408.16308,
527 406.50387,
495 399.99981,
231 413.22296,
542 401.60623,
216 411.52243,
306 399.99981,
215 404.85812,
424 403.22561,
501 401.60623,
197 401.60623,
161 396.82522,
203 404.85812,
424 393.70059,
208 398.40618,
