hasilPIDSet250 = [
255.00 0.00000,
255.00 0.00000,
255.00 0.06149,
255.00 112.48589,
255.00 206.61148,
87.41 248.13883,
0.00 265.25186,
0.00 263.85211,
0.00 259.06723,
0.00 257.73184,
0.00 259.06723,
0.00 256.41012,
0.00 251.88905,
0.00 253.80699,
0.00 254.45280,
0.00 249.99987,
147.36 245.09793,
0.00 253.16444,
0.00 256.41012,
0.00 251.25616,
0.00 253.80699,
0.00 255.75434,
0.00 251.88905,
79.25 246.91346,
0.00 251.25616,
0.00 253.80699,
0.00 249.99987,
179.23 243.90232,
0.96 249.37643,
0.00 253.80699,
0.00 249.37643,
0.00 251.25616,
0.00 252.52513,
58.75 248.13883,
180.55 244.49865,
43.39 251.25616,
0.00 256.41012,
0.00 252.52513,
0.00 254.45280,
0.00 253.80699,
0.00 251.25616,
68.62 246.91346,
0.00 249.99987,
0.00 251.88905,
49.02 247.52464,
131.10 245.09793,
0.00 253.16444,
0.00 253.16444,
0.00 248.75610,
26.91 250.62644,
0.00 252.52513,
27.63 248.13883,
0.00 244.49865,
150.04 246.91346,
93.26 252.52513,
0.00 257.06927,
0.00 252.52513,
0.00 254.45280,
0.00 255.75434,
0.00 251.25616,
84.94 246.30529,
0.00 249.99987,
0.00 249.37643,
127.60 245.09793,
130.49 250.62644,
0.00 263.15777,
0.00 260.41653,
0.00 255.10192,
0.00 256.41012,
0.00 253.80699,
0.00 249.37643,
0.00 251.25616,
0.00 250.62644,
10.48 248.13883,
92.59 245.70013,
14.11 248.13883,
0.00 253.16444,
0.00 249.37643,
154.46 243.90232,
79.18 245.70013,
0.00 253.16444,
0.00 249.99987,
0.00 251.88905,
0.00 253.16444,
15.18 248.13883,
77.19 246.30529,
0.00 249.37643,
0.00 253.80699,
0.00 249.37643,
177.41 243.30888,
0.00 249.99987,
0.00 253.16444,
0.00 248.75610,
13.69 248.13883,
0.00 259.06723,
0.00 257.06927,
0.00 253.16444,
0.00 255.10192,
0.00 256.41012,
0.00 251.88905,
15.91 246.91346,
0.00 248.13883,
0.00 246.91346,
58.24 246.30529,
199.12 242.13063,
0.00 248.75610,
0.00 254.45280,
0.00 250.62644,
0.00 253.16444,
0.00 253.80699,
0.00 249.37643,
118.58 244.49865,
0.00 256.41012,
0.00 258.39779,
0.00 253.80699,
0.00 255.75434,
0.00 257.06927,
0.00 251.88905,
3.76 247.52464,
0.00 249.99987,
0.00 251.25616,
24.96 246.91346,
205.11 241.54577,
0.00 251.88905,
0.00 255.75434,
0.00 253.16444,
0.00 254.45280,
0.00 255.75434,
0.00 251.25616,
18.58 245.70013,
0.00 255.10192,
0.00 257.73184,
0.00 253.80699,
0.00 248.13883,
0.00 249.99987,
0.00 246.91346,
0.00 247.52464,
171.70 242.13063,
0.00 248.13883,
0.00 254.45280,
0.00 248.13883,
0.00 251.25616,
0.00 252.52513,
14.78 248.13883,
136.35 242.13063,
60.85 248.13883,
0.00 251.25616,
0.00 251.25616,
60.41 245.70013,
0.00 249.37643,
0.00 248.13883,
124.62 243.90232,
0.00 250.62644,
0.00 255.10192,
0.00 249.99987,
65.11 245.09793,
7.03 249.37643,
0.00 248.13883,
0.00 249.37643,
147.43 243.30888,
91.93 245.09793,
0.00 251.88905,
0.00 249.99987,
0.00 252.52513,
0.00 253.80699,
0.00 249.37643,
110.74 243.30888,
53.96 248.75610,
0.00 253.16444,
0.00 254.45280,
0.00 248.75610,
0.00 249.99987,
0.00 248.13883,
132.55 243.90232,
0.00 251.88905,
0.00 257.73184,
0.00 253.16444,
0.00 248.13883,
0.00 249.99987,
0.00 250.62644,
29.30 246.91346,
0.00 249.99987,
0.00 252.52513,
0.00 249.99987,
0.00 245.70013,
85.44 248.13883,
28.01 252.52513,
0.00 249.37643,
30.20 246.91346,
0.00 249.37643,
0.00 251.25616,
31.83 246.91346,
211.98 241.54577,
98.95 246.30529,
0.00 258.39779,
0.00 255.10192,
0.00 257.73184,
0.00 259.06723,
0.00 254.45280,
0.00 248.75610,
0.00 250.62644,
0.00 252.52513,
0.00 248.13883,
161.13 242.71833,
0.00 248.75610,
0.00 251.25616,
5.74 247.52464,
0.00 255.75434,
0.00 257.06927,
0.00 252.52513,
0.00 246.91346,
0.00 249.37643,
0.00 250.62644,
23.72 246.91346,
203.88 241.54577,
110.76 244.49865,
0.00 257.06927,
0.00 255.10192,
0.00 256.41012,
0.00 255.75434,
0.00 253.16444,
0.00 248.75610,
0.00 250.62644,
0.00 251.88905,
37.01 246.30529,
99.21 243.30888,
62.54 248.75610,
0.00 249.99987,
0.00 246.30529,
82.85 245.09793,
0.00 248.13883,
0.00 249.37643,
47.09 246.30529,
0.00 248.13883,
0.00 249.37643,
71.39 245.70013,
231.28 241.54577,
0.00 259.74014,
0.00 265.25186,
0.00 260.41653,
0.00 262.46707,
0.00 263.85211,
0.00 259.74014,
0.00 253.80699,
0.00 255.10192,
0.00 253.16444,
0.00 249.37643,
0.00 247.52464,
0.00 249.99987,
0.00 246.91346,
131.67 242.71833,
0.00 255.75434,
0.00 263.85211,
0.00 259.74014,
0.00 253.80699,
0.00 255.75434,
0.00 253.16444,
0.00 248.75610,
0.00 251.25616,
0.00 251.88905,
0.00 248.13883,
113.40 242.71833,
58.54 255.10192,
0.00 262.46707,
0.00 258.39779,
0.00 253.16444,
0.00 254.45280,
0.00 252.52513,
0.00 248.13883,
0.00 249.99987,
0.00 248.75610,
0.00 246.30529,
123.25 242.13063,
9.30 245.70013,
0.00 257.06927,
0.00 253.80699,
0.00 248.13883,
0.00 249.37643,
0.00 246.91346,
0.00 242.71833,
143.82 243.30888,
10.78 245.70013,
0.00 255.10192,
0.00 252.52513,
0.00 253.80699,
0.00 255.75434,
0.00 251.25616,
22.45 245.09793,
0.00 246.91346,
0.00 245.09793,
7.89 240.38450,
206.17 242.71833,
154.45 241.54577,
0.00 256.41012,
0.00 256.41012,
0.00 259.06723,
0.00 259.74014,
0.00 255.10192,
0.00 249.99987,
0.00 251.88905,
0.00 248.75610,
19.38 245.09793,
2.26 253.16444,
0.00 250.62644,
0.00 249.37643,
24.81 245.09793,
47.61 247.52464,
0.00 249.37643,
12.76 246.30529,
114.36 242.13063,
0.00 246.30529,
0.00 251.88905,
0.00 248.13883,
140.34 242.13063,
0.00 249.37643,
0.00 250.62644,
0.00 246.30529,
25.95 248.13883,
8.38 250.62644,
50.67 246.91346,
152.15 242.13063,
18.09 246.30529,
0.00 256.41012,
0.00 251.88905,
15.38 246.30529,
0.00 248.13883,
38.76 245.70013,
21.19 242.13063,
181.49 245.09793,
88.38 253.80699,
0.00 263.15777,
0.00 258.39779,
0.00 259.74014,
0.00 261.77996,
0.00 258.39779,
0.00 252.52513,
0.00 253.80699,
0.00 251.88905,
0.00 247.52464,
0.00 249.37643,
0.00 250.62644,
0.00 246.30529,
158.95 240.96374,
85.65 248.13883,
0.00 258.39779,
0.00 261.09649,
0.00 255.75434,
0.00 257.73184,
0.00 253.80699,
0.00 250.62644,
0.00 251.88905,
0.00 253.16444,
0.00 249.37643,
45.46 243.30888,
0.00 246.91346,
0.00 248.75610,
31.35 245.09793,
190.83 240.38450,
0.00 248.13883,
0.00 251.88905,
0.00 248.13883,
0.00 249.99987,
0.00 251.25616,
0.47 246.30529,
141.34 242.13063,
0.00 251.25616,
0.00 260.41653,
0.00 257.06927,
0.00 250.62644,
0.00 252.52513,
0.00 249.99987,
14.48 245.70013,
37.02 248.13883,
0.00 249.37643,
22.51 245.70013,
143.64 241.54577,
9.58 246.30529,
0.00 259.06723,
0.00 256.41012,
0.00 251.25616,
0.00 252.52513,
0.00 249.99987,
20.51 245.70013,
0.00 247.52464,
4.40 249.37643,
66.60 245.09793,
167.95 241.54577,
172.94 246.91346,
0.00 261.09649,
0.00 263.85211,
0.00 257.73184,
0.00 259.74014,
0.00 257.06927,
0.00 253.16444,
0.00 254.45280,
0.00 256.41012,
0.00 251.88905,
0.00 246.91346,
0.00 248.75610,
0.00 249.99987,
7.23 245.70013,
168.44 240.96374,
95.85 243.30888,
0.00 253.16444,
0.00 250.62644,
0.00 252.52513,
0.00 253.80699,
0.00 249.37643,
54.64 244.49865,
0.00 247.52464,
0.00 249.37643,
39.80 245.09793,
180.04 240.96374,
0.00 251.88905,
0.00 256.41012,
0.00 251.25616,
0.00 253.16444,
0.00 254.45280,
0.00 249.99987,
56.52 245.70013,
0.00 249.99987,
0.00 253.80699,
0.00 249.37643,
97.41 243.30888,
1.80 246.30529,
0.00 251.25616,
0.00 247.52464,
4.70 249.37643,
0.00 250.62644,
27.72 245.70013,
148.85 242.13063,
172.92 248.13883,
0.00 261.77996,
0.00 263.15777,
0.00 256.41012,
0.00 259.06723,
0.00 256.41012,
0.00 251.88905,
0.00 253.80699,
0.00 255.10192,
0.00 249.99987,
28.61 245.09793,
0.00 255.10192,
0.00 259.74014,
0.00 255.75434,
0.00 249.37643,
0.00 251.25616,
0.00 249.37643,
17.89 245.09793,
60.50 246.91346,
4.37 248.75610,
6.91 246.30529,
147.46 241.54577,
34.43 245.09793,
0.00 259.06723,
0.00 256.41012,
0.00 251.25616,
0.00 252.52513,
0.00 250.62644,
0.00 246.30529,
0.00 248.13883,
0.00 249.37643,
50.23 245.09793,
190.16 240.96374,
39.24 245.09793,
0.00 258.39779,
0.00 254.45280,
0.00 249.37643,
0.00 249.99987,
0.00 248.13883,
75.74 243.90232,
99.05 243.30888,
0.00 249.99987,
0.00 249.99987,
23.56 245.70013,
0.00 250.62644,
0.00 252.52513,
0.00 248.13883,
86.18 242.71833,
30.05 246.91346,
0.00 250.62644,
12.11 246.30529,
191.75 240.96374,
79.64 244.49865,
0.00 255.10192,
0.00 251.88905,
0.00 253.80699,
