%hasilPIDSet200
hasilPIDSet200 = [
255.00 0.00000,
255.00 0.06149,
255.00 0.06149,
255.00 168.91883,
0.00 202.42906,
0.00 234.19192,
0.00 233.10012,
0.00 227.79032,
0.00 223.21418,
0.00 222.22212,
0.00 222.71704,
0.00 220.26422,
0.00 220.75044,
0.00 215.98262,
0.00 217.39120,
0.00 218.81828,
0.00 215.51713,
0.00 210.08393,
0.00 212.76585,
0.00 212.31413,
0.00 209.20492,
0.00 204.91793,
0.00 205.76121,
0.00 204.91793,
0.00 202.42906,
0.00 202.42906,
0.00 197.62837,
0.00 199.20309,
0.00 199.99990,
0.00 195.69462,
113.60 192.30760,
166.91 190.83959,
0.00 203.25193,
0.00 209.64350,
0.00 209.64350,
0.00 204.91793,
0.00 206.61148,
0.00 207.03924,
0.00 203.25193,
0.00 198.80706,
0.00 199.99990,
0.00 199.20309,
0.00 196.85029,
0.00 196.46356,
85.78 191.93849,
0.00 199.60070,
0.00 207.03924,
0.00 202.83966,
0.00 198.80706,
0.00 198.01971,
0.00 198.80706,
0.00 199.99990,
0.00 196.07833,
103.21 192.30760,
144.39 191.20449,
0.00 203.25193,
0.00 207.46878,
0.00 208.33323,
0.00 202.83966,
0.00 204.49888,
0.00 204.91793,
0.00 201.20715,
0.00 197.23857,
0.00 196.07833,
0.00 197.23857,
0.00 198.80706,
22.75 194.55244,
137.19 191.20449,
18.55 194.93168,
0.00 201.20715,
0.00 199.60070,
0.00 195.69462,
33.67 194.55244,
0.00 196.46356,
0.00 198.41261,
52.23 194.55244,
166.46 190.83959,
123.09 197.23857,
0.00 207.46878,
0.00 212.76585,
0.00 212.76585,
0.00 207.46878,
0.00 208.33323,
0.00 210.08393,
0.00 206.61148,
0.00 202.02011,
0.00 203.25193,
0.00 201.61280,
0.00 199.20309,
0.00 199.99990,
6.54 194.55244,
0.00 204.08154,
0.00 205.76121,
0.00 201.61280,
0.00 197.62837,
0.00 196.46356,
0.00 197.23857,
0.00 198.80706,
0.00 194.93168,
147.76 190.47610,
153.38 193.42350,
0.00 202.02011,
0.00 210.97036,
0.00 210.97036,
0.00 205.33871,
0.00 206.18547,
0.00 207.90011,
0.00 203.66589,
0.00 199.99990,
0.00 200.80311,
0.00 199.60070,
0.00 197.23857,
0.00 197.62837,
71.26 192.30760,
13.77 194.17466,
0.00 198.80706,
5.36 194.55244,
131.92 190.83959,
173.42 189.75323,
0.00 205.33871,
0.00 210.97036,
0.00 211.41639,
0.00 206.18547,
0.00 207.90011,
0.00 208.33323,
0.00 203.66589,
0.00 200.40071,
0.00 201.20715,
0.00 200.40071,
0.00 198.01971,
0.00 198.01971,
7.81 193.05010,
0.00 200.80311,
0.00 204.08154,
0.00 199.60070,
0.00 199.99990,
0.00 194.93168,
0.00 196.85029,
0.00 196.85029,
28.95 193.42350,
45.24 190.11398,
158.87 189.75323,
42.97 200.80311,
0.00 213.67510,
0.00 215.51713,
0.00 209.64350,
0.00 211.86430,
0.00 212.31413,
0.00 207.46878,
0.00 204.08154,
0.00 205.33871,
0.00 204.08154,
0.00 202.02011,
0.00 201.61280,
0.00 196.85029,
0.00 198.80706,
0.00 198.01971,
0.00 195.69462,
48.39 191.93849,
113.76 190.11398,
0.00 194.55244,
0.00 199.20309,
0.00 195.69462,
66.42 191.93849,
0.00 204.08154,
0.00 206.61148,
0.00 204.49888,
0.00 200.40071,
0.00 199.20309,
0.00 200.40071,
0.00 200.80311,
0.00 198.01971,
0.00 193.79835,
38.86 194.55244,
0.00 199.20309,
0.00 202.42906,
0.00 202.02011,
0.00 198.41261,
0.00 199.20309,
0.00 197.62837,
0.00 195.31240,
0.00 195.31240,
120.56 190.47610,
53.01 192.67813,
0.00 203.25193,
0.00 200.40071,
0.00 197.23857,
0.00 195.31240,
0.00 196.07833,
0.00 197.62837,
26.07 193.79835,
129.53 190.83959,
0.00 196.85029,
0.00 201.20715,
0.00 198.80706,
0.00 199.20309,
26.46 194.17466,
0.00 204.49888,
0.00 205.76121,
0.00 202.02011,
0.00 197.62837,
0.00 198.80706,
0.00 197.23857,
0.00 195.31240,
7.38 194.93168,
123.35 190.83959,
41.81 194.17466,
0.00 210.52621,
0.00 207.46878,
0.00 203.25193,
0.00 202.42906,
0.00 203.25193,
0.00 200.80311,
0.00 200.80311,
0.00 196.07833,
0.00 197.23857,
0.00 198.01971,
31.81 194.17466,
35.25 190.83959,
149.49 190.83959,
44.09 194.17466,
0.00 207.03924,
0.00 202.83966,
0.00 199.20309,
0.00 197.62837,
0.00 198.80706,
0.00 199.99990,
0.00 196.46356,
111.83 192.30760,
0.00 197.62837,
0.00 199.99990,
0.00 198.01971,
0.00 197.62837,
108.97 192.67813,
0.00 196.46356,
0.00 204.91793,
0.00 201.20715,
0.00 196.85029,
0.65 197.62837,
0.00 196.85029,
0.00 194.17466,
56.46 194.55244,
195.10 190.83959,
0.00 200.40071,
0.00 218.34051,
0.00 214.13265,
0.00 210.08393,
0.00 210.97036,
0.00 210.08393,
0.00 207.46878,
0.00 207.46878,
0.00 202.42906,
0.00 203.66589,
0.00 204.91793,
0.00 201.20715,
0.00 197.23857,
0.00 198.01971,
0.00 196.85029,
0.00 194.55244,
19.46 194.55244,
133.90 193.79835,
52.91 196.07833,
0.00 198.80706,
0.00 204.08154,
0.00 204.08154,
0.00 199.20309,
0.00 200.80311,
0.00 201.61280,
0.00 197.62837,
65.59 193.42350,
81.87 197.23857,
0.00 199.60070,
0.00 200.40071,
0.00 200.40071,
0.00 195.31240,
0.00 197.23857,
0.00 198.01971,
77.52 193.42350,
43.89 194.55244,
0.00 197.23857,
0.00 199.20309,
0.00 201.20715,
0.00 196.85029,
99.32 193.05010,
140.35 196.07833,
0.00 201.20715,
0.00 207.46878,
0.00 207.90011,
0.00 202.83966,
0.00 203.66589,
0.00 204.91793,
0.00 200.80311,
0.00 197.23857,
0.00 198.01971,
0.00 196.46356,
0.00 194.55244,
46.55 194.55244,
160.99 193.05010,
0.00 196.46356,
0.00 210.08393,
0.00 204.49888,
0.00 202.02011,
0.00 202.42906,
0.00 200.80311,
0.00 202.83966,
0.00 198.80706,
32.00 194.93168,
72.65 196.07833,
0.00 196.85029,
0.00 196.85029,
0.00 197.23857,
103.94 191.93849,
0.00 196.46356,
0.00 202.02011,
0.00 198.41261,
0.00 194.17466,
99.35 193.42350,
28.85 199.60070,
0.00 205.76121,
0.00 202.02011,
0.00 198.01971,
0.00 198.80706,
0.00 198.01971,
29.84 195.69462,
32.38 195.69462,
147.44 192.30760,
13.91 205.76121,
0.00 216.45011,
0.00 213.21951,
0.00 208.76817,
0.00 210.52621,
0.00 210.08393,
0.00 205.33871,
0.00 202.02011,
0.00 201.20715,
0.00 202.42906,
0.00 203.66589,
0.00 199.99990,
0.00 195.69462,
0.00 196.85029,
0.00 195.69462,
89.09 193.05010,
80.78 193.42350,
34.56 194.93168,
0.00 201.20715,
0.00 203.66589,
0.00 202.02011,
0.00 197.62837,
0.00 196.85029,
0.00 197.23857,
0.00 199.20309,
35.80 194.93168,
150.44 191.57078,
167.58 196.07833,
0.00 205.76121,
0.00 214.59217,
0.00 214.59217,
0.00 209.20492,
0.00 210.08393,
0.00 212.31413,
0.00 208.33323,
0.00 203.66589,
0.00 204.91793,
0.00 205.76121,
0.00 201.20715,
0.00 197.62837,
0.00 196.46356,
0.00 197.23857,
0.00 199.20309,
0.00 194.93168,
134.72 190.83959,
176.21 193.42350,
0.00 202.02011,
0.00 212.31413,
0.00 208.76817,
0.00 207.46878,
0.00 208.33323,
0.00 210.08393,
0.00 205.76121,
0.00 202.02011,
0.00 202.83966,
0.00 203.66589,
0.00 199.60070,
0.00 195.31240,
0.00 194.55244,
0.00 195.31240,
0.00 196.85029,
52.55 192.67813,
0.00 198.41261,
0.00 198.41261,
0.00 199.60070,
0.00 201.20715,
0.00 196.85029,
49.33 193.05010,
65.78 196.85029,
0.00 197.62837,
0.00 197.62837,
0.00 198.01971,
46.96 192.67813,
0.00 195.31240,
0.00 197.23857,
69.65 193.05010,
73.75 190.47610,
77.85 193.05010,
0.00 201.20715,
0.00 206.18547,
0.00 201.61280,
0.00 198.01971,
0.00 198.41261,
0.00 197.23857,
19.27 194.93168,
22.26 194.93168,
161.20 190.83959,
18.00 195.31240,
0.00 217.86482,
0.00 214.59217,
0.00 210.08393,
0.00 210.97036,
0.00 211.41639,
0.00 207.46878,
0.00 203.66589,
0.00 202.42906,
0.00 203.66589,
0.00 205.33871,
0.00 201.61280,
0.00 197.23857,
0.00 198.01971,
0.00 196.85029,
6.08 194.17466,
0.00 194.55244,
111.41 191.20449,
42.87 193.42350,
0.00 207.90011,
0.00 204.08154,
0.00 199.99990,
0.00 199.20309,
0.00 199.60070,
0.00 201.61280,
0.00 197.62837,
42.37 193.42350,
71.01 196.07833,
0.00 196.46356,
0.00 197.62837,
0.00 197.23857,
53.72 192.67813,
32.64 194.17466,
0.00 199.20309,
0.00 196.07833,
0.00 192.30760,
154.27 190.83959,
86.23 193.79835,
0.00 205.33871,
0.00 207.03924,
0.00 202.42906,
0.00 203.66589,
0.00 204.08154,
0.00 199.99990,
0.00 196.07833,
15.50 194.93168,
0.00 196.07833,
0.00 197.62837,
59.39 193.79835,
197.44 189.75323,
143.10 204.91793,
0.00 219.29814,
0.00 233.10012,
0.00 228.83283,
0.00 229.88494,
0.00 228.83283,
0.00 226.24423,
0.00 222.22212,
0.00 221.23883,
0.00 222.71704,
0.00 224.71899,
0.00 220.75044,
0.00 215.51713,
0.00 217.86482,
0.00 218.81828,
0.00 214.59217,
0.00 210.08393,
0.00 210.97036,
0.00 211.86430,
0.00 207.90011,
0.00 203.66589,
0.00 202.83966,
0.00 203.66589,
0.00 205.76121,
0.00 201.61280,
0.00 196.07833,
