hasil = [
255.00 0.00000,
255.00 0.00000,
255.00 0.06149,
255.00 118.06370,
255.00 210.08393,
255.00 253.16444,
255.00 286.53280,
255.00 319.48867,
255.00 331.12567,
255.00 349.65017,
255.00 366.30020,
255.00 377.35830,
255.00 383.14157,
255.00 387.59671,
255.00 408.16308,
0.00 401.60623,
0.00 408.16308,
16.64 404.85812,
68.01 403.22561,
173.27 399.99981,
255.00 396.82522,
0.00 409.83587,
115.98 399.99981,
0.00 411.52243,
0.00 399.99981,
52.76 399.99981,
158.03 403.22561,
255.00 401.60623,
0.00 406.50387,
102.57 401.60623,
0.00 411.52243,
94.83 401.60623,
40.08 408.16308,
38.18 396.82522,
90.07 401.60623,
195.44 399.99981,
255.00 403.22561,
0.00 404.85812,
33.83 401.60623,
0.00 413.22296,
131.31 399.99981,
24.13 403.22561,
22.23 403.22561,
74.13 401.60623,
179.49 399.99981,
255.00 401.60623,
0.00 406.50387,
17.24 403.22561,
0.00 409.83587,
0.00 396.82522,
6.68 403.22561,
164.90 398.40618,
255.00 393.70059,
0.00 409.83587,
163.75 401.60623,
0.00 411.52243,
0.00 398.40618,
0.00 403.22561,
208.61 403.22561,
210.48 403.22561,
0.00 401.60623,
47.72 401.60623,
0.00 408.16308,
200.80 396.82522,
43.82 401.60623,
0.00 403.22561,
40.50 398.40618,
198.39 398.40618,
255.00 399.99981,
0.00 403.22561,
148.53 401.60623,
0.00 409.83587,
0.00 398.40618,
37.43 401.60623,
36.48 401.60623,
88.90 399.99981,
194.37 396.82522,
255.00 392.15667,
0.00 408.16308,
89.78 398.40618,
0.00 409.83587,
0.00 396.82522,
84.05 403.22561,
137.00 401.60623,
255.00 401.60623,
0.00 403.22561,
84.87 399.99981,
0.00 409.83587,
132.02 398.40618,
0.00 404.85812,
0.00 404.85812,
0.00 399.99981,
177.85 399.99981,
255.00 395.25674,
0.00 409.83587,
0.00 398.40618,
0.00 403.22561,
0.00 403.22561,
65.52 399.99981,
170.99 396.82522,
255.00 392.15667,
0.00 408.16308,
120.16 399.99981,
0.00 409.83587,
0.00 396.82522,
10.01 401.60623,
9.06 399.99981,
255.00 398.40618,
0.00 401.60623,
115.74 398.40618,
0.00 406.50387,
165.37 396.82522,
8.40 401.60623,
113.77 398.40618,
8.39 401.60623,
113.76 401.60623,
255.00 399.99981,
0.00 404.85812,
61.57 399.99981,
0.00 408.16308,
0.00 396.82522,
2.96 401.60623,
108.32 399.99981,
56.32 399.99981,
109.26 398.40618,
214.84 395.25674,
0.00 404.85812,
162.66 396.82522,
5.69 401.60623,
4.75 401.60623,
3.80 399.99981,
161.69 398.40618,
255.00 398.40618,
0.00 403.22561,
57.91 399.99981,
4.54 406.50387,
3.59 401.60623,
56.01 399.99981,
161.48 396.82522,
255.00 393.70059,
0.00 408.16308,
56.79 399.99981,
0.00 403.22561,
0.00 403.22561,
52.98 399.99981,
158.45 399.99981,
255.00 399.99981,
0.00 403.22561,
53.76 399.99981,
0.00 409.83587,
103.36 398.40618,
0.00 401.60623,
0.00 403.22561,
48.50 399.99981,
206.08 398.40618,
255.00 398.40618,
0.00 404.85812,
105.04 399.99981,
0.00 409.83587,
0.00 398.40618,
0.00 403.22561,
43.45 401.60623,
201.03 403.22561,
0.00 401.60623,
151.08 396.82522,
0.00 406.50387,
201.23 395.25674,
99.39 408.16308,
0.00 398.40618,
0.00 399.99981,
96.52 401.60623,
202.09 399.99981,
0.00 395.25674,
202.03 392.15667,
47.24 406.50387,
0.00 393.70059,
44.38 399.99981,
97.32 398.40618,
254.60 393.70059,
0.00 403.22561,
255.00 393.70059,
0.00 403.22561,
0.00 404.85812,
0.00 403.22561,
98.08 401.60623,
151.54 403.22561,
0.00 401.60623,
148.60 396.82522,
45.00 406.50387,
0.00 398.40618,
0.00 401.60623,
42.95 399.99981,
95.89 398.40618,
201.47 395.25674,
255.00 392.15667,
0.00 406.50387,
100.42 398.40618,
0.00 409.83587,
0.00 398.40618,
0.00 401.60623,
94.69 398.40618,
200.27 399.99981,
0.00 399.99981,
200.20 393.70059,
0.00 406.50387,
198.99 395.25674,
0.00 401.60623,
0.00 401.60623,
95.26 398.40618,
148.72 399.99981,
202.70 399.99981,
0.00 399.99981,
149.56 396.82522,
0.00 408.16308,
0.00 396.82522,
0.00 399.99981,
145.71 398.40618,
255.00 398.40618,
0.00 401.60623,
97.73 398.40618,
0.00 401.60623,
0.00 401.60623,
43.82 399.99981,
149.29 398.40618,
255.00 398.40618,
0.00 403.22561,
100.34 398.40618,
0.00 408.16308,
0.00 396.82522,
98.43 399.99981,
151.89 399.99981,
255.00 399.99981,
0.00 403.22561,
46.39 399.99981,
0.00 409.83587,
93.54 398.40618,
0.00 401.60623,
40.58 395.25674,
93.53 399.99981,
199.10 398.40618,
255.00 401.60623,
0.00 404.85812,
98.06 401.60623,
0.00 408.16308,
0.00 396.82522,
0.00 401.60623,
39.37 399.99981,
39.37 399.99981,
144.84 396.82522,
255.00 392.15667,
0.00 406.50387,
94.98 398.40618,
0.00 408.16308,
0.00 396.82522,
40.13 399.99981,
93.07 398.40618,
255.00 398.40618,
0.00 401.60623,
95.77 398.40618,
0.00 406.50387,
197.51 395.25674,
0.00 401.60623,
94.73 398.40618,
252.00 393.70059,
0.00 404.85812,
252.85 393.70059,
0.00 409.83587,
0.00 398.40618,
0.00 401.60623,
95.47 399.99981,
148.94 401.60623,
0.00 401.60623,
146.97 395.25674,
0.00 404.85812,
249.79 393.70059,
44.84 399.99981,
0.00 408.16308,
0.00 406.50387,
0.00 403.22561,
139.76 401.60623,
0.00 398.40618,
255.00 396.82522,
0.00 409.83587,
0.00 398.40618,
0.00 403.22561,
0.00 401.60623,
82.27 398.40618,
187.84 395.25674,
255.00 392.15667,
0.00 409.83587,
31.69 401.60623,
0.00 409.83587,
0.00 395.25674,
0.00 401.60623,
78.92 399.99981,
255.00 398.40618,
0.00 401.60623,
82.58 396.82522,
0.00 403.22561,
186.25 395.25674,
31.47 399.99981,
84.42 398.40618,
32.41 399.99981,
0.00 403.22561,
255.00 392.15667,
36.03 406.50387,
0.00 396.82522,
0.00 399.99981,
86.13 395.25674,
255.00 399.99981,
0.00 399.99981,
141.36 396.82522,
0.00 408.16308,
0.00 395.25674,
87.86 398.40618,
35.85 399.99981,
88.80 398.40618,
246.85 393.70059,
250.56 393.70059,
0.00 411.52243,
0.00 401.60623,
0.00 411.52243,
0.00 398.40618,
0.00 401.60623,
188.16 403.22561,
190.95 401.60623,
0.00 401.60623,
88.17 398.40618,
0.00 409.83587,
83.31 398.40618,
0.00 404.85812,
0.00 395.25674,
25.74 401.60623,
78.69 399.99981,
255.00 396.82522,
0.00 401.60623,
79.44 398.40618,
0.00 408.16308,
0.00 395.25674,
78.48 398.40618,
79.42 398.40618,
132.89 396.82522,
186.87 395.25674,
241.37 393.70059,
0.00 406.50387,
0.00 403.22561,
30.07 399.99981,
0.00 403.22561,
186.70 399.99981,
0.00 396.82522,
238.33 392.15667,
32.76 404.85812,
0.00 396.82522,
0.00 399.99981,
135.39 398.40618,
255.00 396.82522,
0.00 401.60623,
88.41 398.40618,
0.00 409.83587,
187.69 395.25674,
0.00 403.22561,
0.00 395.25674,
28.14 398.40618,
81.08 401.60623,
238.35 395.25674,
0.00 398.40618,
188.47 393.70059,
33.68 406.50387,
0.00 396.82522,
0.00 399.99981,
30.84 399.99981,
136.31 396.82522,
190.29 395.25674,
255.00 392.15667,
0.00 408.16308,
0.00 401.60623,
0.00 408.16308,
0.00 396.82522,
29.87 401.60623,
29.87 401.60623,
239.15 399.99981,
0.00 398.40618,
240.96 393.70059,
0.00 404.85812,
139.92 396.82522,
0.00 401.60623,
0.00 403.22561,
191.05 395.25674,
0.00 404.85812,
190.99 395.25674,
0.00 406.50387,
35.26 399.99981,
0.00 401.60623,
86.30 401.60623,
255.00 398.40618,
0.00 401.60623,
88.03 398.40618,
0.00 408.16308,
188.79 395.25674,
0.00 401.60623,
0.00 401.60623,
31.95 398.40618,
84.90 398.40618,
242.17 398.40618,
0.00 398.40618,
243.99 395.25674,
38.42 408.16308,
0.00 396.82522,
0.00 399.99981,
87.55 399.99981,
255.00 399.99981,
0.00 399.99981,
90.26 398.40618,
0.00 406.50387,
139.89 396.82522,
0.00 401.60623,
0.00 401.60623,
87.49 398.40618,
193.07 398.40618,
255.00 396.82522,
0.00 403.22561,
38.10 399.99981,
0.00 408.16308,
0.00 396.82522,
0.00 399.99981,
85.33 398.40618,
86.26 398.40618,
87.20 398.40618,
255.00 390.62481,
93.67 398.40618,
0.00 401.60623,
93.67 398.40618,
147.13 396.82522,
255.00 399.99981,
0.00 403.22561,
44.33 398.40618,
0.00 409.83587,
0.00 396.82522,
0.00 399.99981,
90.59 399.99981,
255.00 398.40618,
0.00 401.60623,
39.38 399.99981,
0.00 408.16308,
191.34 395.25674,
36.55 408.16308,
0.00 404.85812,
0.00 401.60623,
84.74 401.60623,
242.01 399.99981,
0.00 398.40618,
243.82 393.70059,
38.26 408.16308,
0.00 398.40618,
0.00 401.60623,
0.00 401.60623,
86.44 398.40618,
192.64 395.25674,
255.00 392.15667,
0.00 409.83587,
0.00 401.60623,
0.00 409.83587,
0.00 396.82522,
31.93 399.99981,
31.93 399.99981,
189.51 398.40618,
0.00 396.82522,
243.06 392.15667,
37.49 403.22561,
90.44 398.40618,
38.44 399.99981,
143.91 396.82522,
249.59 393.70059,
