nilai = [
244 100.80641,
378 111.98204,
423 121.80262,
209 121.80262,
340 129.87007,
465 140.44937,
592 149.25366,
342 162.33758,
487 173.61102,
603 185.87351,
227 194.17466,
629 210.08393,
140 215.05366,
512 233.10012,
403 236.40650,
269 242.13063,
409 250.62644,
657 251.25616,
260 255.10192,
433 270.27014,
199 276.24295,
178 277.77764,
516 273.22390,
635 277.00817,
197 280.89874,
126 289.85494,
612 292.39752,
167 290.69754,
510 291.54504,
133 294.98510,
479 295.85784,
449 293.25500,
679 301.20468,
121 303.95123,
467 304.87789,
372 307.69216,
293 309.59738,
436 306.74832,
585 314.46527,
645 315.45727,
528 319.48867,
191 325.73275,
694 330.03283,
257 324.67517,
501 337.83767,
453 333.33319,
608 330.03283,
644 343.64245,
368 342.46560,
390 346.02059,
424 344.82742,
696 342.46560,
430 349.65017,
203 353.35671,
422 348.43188,
566 357.14270,
649 349.65017,
324 357.14270,
501 359.71206,
353 357.14270,
277 370.37020,
508 358.42276,
328 362.31866,
233 361.01065,
398 357.14270,
281 367.64688,
335 363.63619,
113 363.63619,
565 359.71206,
314 361.01065,
363 369.00350,
436 364.96331,
525 364.96331,
369 364.96331,
415 362.31866,
194 371.74703,
529 369.00350,
401 367.64688,
417 367.64688,
495 364.96331,
205 375.93966,
504 366.30020,
151 370.37020,
598 370.37020,
688 367.64688,
423 378.78768,
405 371.74703,
182 378.78768,
652 375.93966,
666 373.13415,
416 380.22796,
637 383.14157,
138 383.14157,
244 381.67919,
601 377.35830,
397 386.10021,
171 378.78768,
528 383.14157,
237 381.67919,
258 381.67919,
677 378.78768,
697 377.35830,
394 389.10488,
604 380.22796,
309 386.10021,
531 384.61520,
645 380.22796,
475 392.15667,
535 383.14157,
198 390.62481,
242 392.15667,
299 390.62481,
468 387.59671,
312 383.14157,
160 393.70059,
257 383.14157,
694 387.59671,
308 389.10488,
695 390.62481,
268 389.10488,
213 387.59671,
230 396.82522,
506 384.61520,
262 390.62481,
242 392.15667,
665 390.62481,
182 387.59671,
152 384.61520,
467 393.70059,
121 389.10488,
595 387.59671,
212 383.14157,
571 381.67919,
201 389.10488,
690 380.22796,
331 384.61520,
438 386.10021,
157 386.10021,
116 383.14157,
690 375.93966,
540 389.10488,
179 386.10021,
435 386.10021,
506 381.67919,
672 381.67919,
398 390.62481,
595 381.67919,
619 387.59671,
154 390.62481,
123 392.15667,
389 386.10021,
660 381.67919,
605 393.70059,
226 386.10021,
223 390.62481,
606 389.10488,
513 389.10488,
270 389.10488,
538 386.10021,
194 393.70059,
520 383.14157,
144 387.59671,
266 387.59671,
434 384.61520,
126 383.14157,
694 377.35830,
263 387.59671,
238 378.78768,
344 381.67919,
290 380.22796,
450 375.93966,
259 380.22796,
323 380.22796,
247 380.22796,
485 377.35830,
317 371.74703,
372 383.14157,
439 374.53164,
147 377.35830,
685 378.78768,
596 371.74703,
185 384.61520,
323 375.93966,
320 383.14157,
444 380.22796,
468 378.78768,
635 377.35830,
415 374.53164,
325 387.59671,
234 375.93966,
542 380.22796,
111 378.78768,
379 375.93966,
652 383.14157,
544 374.53164,
395 381.67919,
318 383.14157,
696 383.14157,
592 383.14157,
115 381.67919,
491 392.15667,
333 380.22796,
369 386.10021,
497 386.10021,
253 386.10021,
647 384.61520,
525 381.67919,
510 393.70059,
162 384.61520,
511 390.62481,
508 390.62481,
677 384.61520,
461 390.62481,
325 389.10488,
635 393.70059,
168 395.25674,
495 395.25674,
676 393.70059,
667 390.62481,
539 404.85812,
374 393.70059,
631 399.99981,
256 399.99981,
401 399.99981,
572 396.82522,
660 393.70059,
594 404.85812,
284 396.82522,
255 403.22561,
289 401.60623,
107 398.40618,
115 395.25674,
293 390.62481,
669 398.40618,
180 387.59671,
155 393.70059,
355 393.70059,
406 390.62481,
463 389.10488,
602 384.61520,
576 395.25674,
608 387.59671,
349 393.70059,
631 395.25674,
544 393.70059,
138 396.82522,
508 395.25674,
297 393.70059,
151 390.62481,
349 399.99981,
103 387.59671,
231 392.15667,
631 392.15667,
314 389.10488,
519 390.62481,
275 384.61520,
309 389.10488,
280 389.10488,
629 387.59671,
323 387.59671,
554 384.61520,
560 395.25674,
637 392.15667,
445 392.15667,
217 395.25674,
625 393.70059,
300 390.62481,
156 387.59671,
264 396.82522,
697 384.61520,
148 389.10488,
604 393.70059,
450 390.62481,
250 387.59671,
476 384.61520,
312 390.62481,
254 390.62481,
697 389.10488,
204 386.10021,
681 383.14157,
248 392.15667,
565 384.61520,
678 386.10021,
399 390.62481,
109 392.15667,
629 389.10488,
253 383.14157,
383 393.70059,
147 383.14157,
307 384.61520,
273 386.10021,
222 386.10021,
205 383.14157,
676 377.35830,
153 386.10021,
524 377.35830,
530 381.67919,
666 380.22796,
100 378.78768,
544 390.62481,
270 381.67919,
385 387.59671,
116 383.14157,
198 380.22796,
655 389.10488,
433 377.35830,
657 384.61520,
276 386.10021,
678 386.10021,
166 383.14157,
657 380.22796,
611 389.10488,
378 383.14157,
514 387.59671,
319 390.62481,
637 390.62481,
633 389.10488,
291 387.59671,
620 396.82522,
662 387.59671,
533 395.25674,
297 396.82522,
331 395.25674,
288 392.15667,
289 389.10488,
373 396.82522,
577 386.10021,
404 392.15667,
658 392.15667,
100 392.15667,
554 390.62481,
660 384.61520,
215 399.99981,
247 387.59671,
180 392.15667,
230 390.62481,
655 389.10488,
646 387.59671,
407 386.10021,
138 392.15667,
100 392.15667,
626 390.62481,
335 389.10488,
157 386.10021,
213 395.25674,
414 383.14157,
693 387.59671,
660 387.59671,
454 390.62481,
518 390.62481,
457 387.59671,
685 399.99981,
229 390.62481,
515 396.82522,
663 396.82522,
202 396.82522,
617 396.82522,
143 390.62481,
119 399.99981,
667 389.10488,
247 393.70059,
369 396.82522,
295 395.25674,
403 393.70059,
373 389.10488,
403 398.40618,
448 387.59671,
485 392.15667,
558 395.25674,
359 393.70059,
106 392.15667,
630 389.10488,
324 396.82522,
232 389.10488,
673 393.70059,
503 392.15667,
397 393.70059,
620 392.15667,
250 389.10488,
331 393.70059,
380 389.10488,
503 395.25674,
600 396.82522,
620 395.25674,
433 395.25674,
558 392.15667,
303 401.60623,
576 390.62481,
650 395.25674,
434 399.99981,
480 403.22561,
179 398.40618,
132 393.70059,
674 401.60623,
449 390.62481,
242 398.40618,
549 396.82522,
471 396.82522,
610 395.25674,
179 392.15667,
683 404.85812,
470 396.82522,
340 401.60623,
623 395.25674,
150 401.60623,
671 399.99981,
529 398.40618,
618 396.82522,
646 393.70059,
399 406.50387,
130 396.82522,
521 399.99981,
276 399.99981,
424 399.99981,
544 395.25674,
258 393.70059,
196 403.22561,
271 392.15667,
364 395.25674,
660 395.25674,
498 395.25674,
451 395.25674,
240 396.82522,
603 404.85812,
451 390.62481,
301 396.82522,
105 398.40618,
580 395.25674,
518 392.15667,
174 390.62481,
549 399.99981,
313 392.15667,
420 396.82522,
525 395.25674,
312 395.25674,
283 392.15667,
488 389.10488,
417 398.40618,
308 389.10488,
250 393.70059,
424 393.70059,
295 392.15667,
557 390.62481,
611 386.10021,
190 398.40618,
166 389.10488,
510 392.15667,
693 393.70059,
253 392.15667,
465 392.15667,
660 386.10021,
642 399.99981,
303 389.10488,
252 395.25674,
207 395.25674,
241 393.70059,
210 390.62481,
300 384.61520,
699 393.70059,
427 384.61520,
471 392.15667,
487 392.15667,
114 392.15667,
525 390.62481,
141 384.61520,
217 390.62481,
648 389.10488,
342 384.61520,
415 387.59671,
674 383.14157,
345 393.70059,
273 386.10021,
120 389.10488,
611 389.10488,
339 389.10488,
554 389.10488,
605 386.10021,
629 396.82522,
353 389.10488,
489 395.25674,
266 395.25674,
456 395.25674,
404 393.70059,
360 389.10488,
598 398.40618,
692 389.10488,
220 396.82522,
616 398.40618,
680 398.40618,
567 396.82522,
652 393.70059,
239 406.50387,
198 396.82522,
601 404.85812,
511 395.25674,
516 403.22561,
591 403.22561,
371 403.22561,
428 399.99981,
571 395.25674,
561 406.50387,
145 396.82522,
220 401.60623,
140 401.60623,
258 398.40618,
553 393.70059,
327 387.59671,
650 393.70059,
611 395.25674,
663 396.82522,
494 399.99981,
233 399.99981,
227 396.82522,
527 392.15667,
495 403.22561,
231 393.70059,
542 398.40618,
216 398.40618,
306 396.82522,
215 393.70059,
424 389.10488,
501 396.82522,
197 386.10021,
161 393.70059,
203 392.15667,
424 389.10488,
208 386.10021,
236 383.14157,
181 392.15667,
315 380.22796,
410 384.61520,
116 386.10021,
