data = [1 0.00000,
2 0.00000,
3 0.00000,
4 0.00000,
5 0.00000,
6 0.00000,
7 0.00000,
8 0.00000,
9 0.00000,
10 0.00000,
11 0.00000,
12 0.00000,
13 0.00000,
14 0.00000,
15 0.00000,
16 0.00000,
17 0.00000,
18 0.00000,
19 0.00000,
20 0.00000,
21 0.00000,
22 0.00000,
23 0.00000,
24 0.00000,
25 0.00000,
26 0.00000,
27 0.00000,
28 0.00000,
29 0.00000,
30 0.00000,
31 0.00000,
32 0.00000,
33 0.00000,
34 0.00000,
35 0.00000,
36 0.00000,
37 0.00000,
38 0.00000,
39 0.00000,
40 0.00000,
41 0.00000,
42 0.00000,
43 0.00000,
44 0.00000,
45 0.00000,
46 0.00000,
47 0.00000,
48 0.00000,
49 0.00000,
50 0.00000,
51 0.00000,
52 0.00000,
53 0.00000,
54 0.06056,
55 0.06056,
56 0.06056,
57 0.06056,
58 0.06056,
59 0.06056,
60 0.06056,
61 0.06056,
62 0.06056,
63 0.06056,
64 0.06056,
65 0.06056,
66 14.15227,
67 14.15227,
68 14.15227,
69 14.15227,
70 14.15227,
71 14.15227,
72 14.15227,
73 14.15227,
74 22.64492,
75 22.64492,
76 22.64492,
77 22.64492,
78 22.64492,
79 22.64492,
80 28.54695,
81 28.54695,
82 28.54695,
83 28.54695,
84 28.54695,
85 34.18802,
86 34.18802,
87 34.18802,
88 34.18802,
89 38.80479,
90 38.80479,
91 38.80479,
92 38.80479,
93 43.66810,
94 43.66810,
95 43.66810,
96 46.53325,
97 46.53325,
98 46.53325,
99 46.53325,
100 50.27650,
101 50.27650,
102 50.27650,
103 52.68701,
104 52.68701,
105 52.68701,
106 55.64828,
107 55.64828,
108 59.31195,
109 59.31195,
110 59.31195,
111 62.07321,
112 62.07321,
113 65.78945,
114 65.78945,
115 67.34004,
116 67.34004,
117 67.34004,
118 70.17541,
119 70.17541,
120 71.42854,
121 71.42854,
122 73.69194,
123 73.69194,
124 76.92304,
125 76.92304,
126 79.05135,
127 79.05135,
128 82.37229,
129 82.37229,
130 83.12548,
131 83.12548,
132 85.61640,
133 86.28124,
134 86.28124,
135 88.10569,
136 88.10569,
137 91.24083,
138 91.24083,
139 92.93676,
140 96.15380,
141 96.15380,
142 96.33907,
143 98.71664,
144 98.71664,
145 98.91192,
146 98.91192,
147 100.60358,
148 103.62689,
149 103.62689,
150 105.26311,
151 108.22506,
152 108.22506,
153 108.22506,
154 110.37522,
155 110.13211,
156 111.73179,
157 114.67885,
158 114.67885,
159 116.14397,
160 119.33169,
161 118.76480,
162 120.91893,
163 120.91893,
164 120.48188,
165 121.80262,
166 124.84389,
167 125.94453,
168 129.19889,
169 128.36964,
170 128.36964,
171 130.54824,
172 129.70162,
173 130.88998,
174 134.22811,
175 135.13507,
176 138.50408,
177 137.17414,
178 139.46995,
179 138.50408,
180 139.66473,
181 142.85707,
182 143.88482,
183 146.84280,
184 145.77252,
185 147.49255,
186 146.62750,
187 147.71041,
188 150.82949,
189 151.74499,
190 155.03868,
191 153.37416,
192 155.52091,
193 154.08312,
194 155.03868,
195 158.47853,
196 159.48956,
197 162.33758,
198 160.77162,
199 162.86637,
200 161.29025,
201 165.56283,
202 166.66659,
203 169.49143,
204 167.78515,
205 169.77920,
206 168.35008,
207 172.41371,
208 173.31015,
209 176.36676,
210 174.51998,
211 176.67835,
212 174.51998,
213 178.89079,
214 179.85603,
215 183.15010,
216 180.83174,
217 181.15933,
218 181.81809,
219 185.52867,
220 186.21965,
221 187.26582,
222 189.03582,
223 186.91580,
224 191.57078,
225 191.93849,
226 195.31240,
227 193.05010,
228 193.05010,
229 193.42350,
230 197.23857,
231 200.80311,
232 198.80706,
233 198.01971,
234 199.20309,
235 202.42906,
236 206.18547,
237 204.08154,
238 205.76121,
239 204.49888,
240 207.90011,
241 211.86430,
242 209.20492,
243 208.76817,
244 209.64350,
245 212.76585,
246 216.91963,
247 214.13265,
248 213.67510,
249 214.13265,
250 218.81828,
251 221.72938,
252 221.23883,
253 218.34051,
254 223.21418,
255 223.21418,
256 223.71354,
257 225.73353,
258 223.71354,
259 227.27261,
260 231.48136,
261 230.94677,
262 227.27261,
263 231.48136,
264 232.55802,
265 232.55802,
266 234.74166,
267 232.55802,
268 236.40650,
269 240.38450,
270 238.66337,
271 236.40650,
272 240.96374,
273 244.49865,
274 241.54577,
275 240.38450,
276 245.09793,
277 245.09793,
278 245.70013,
279 244.49865,
280 244.49865,
281 249.37643,
282 249.37643,
283 248.13883,
284 247.52464,
285 253.16444,
286 253.16444,
287 255.10192,
288 252.52513,
289 256.41012,
290 257.06927,
291 259.06723,
292 256.41012,
293 261.77996,
294 261.09649,
295 258.39779,
296 259.74014,
297 264.55014,
298 263.85211,
299 262.46707,
300 263.15777,
301 265.95733,
302 267.37954,
303 265.95733,
304 271.00259,
305 275.48196,
306 273.22390,
307 269.54165,
308 274.72515,
309 278.55139,
310 277.00817,
311 273.22390,
312 277.77764,
313 277.77764,
314 280.11190,
315 277.00817,
316 280.89874,
317 280.89874,
318 279.32946,
319 284.90014,
320 289.01721,
321 285.71414,
322 283.28598,
323 286.53280,
324 286.53280,
325 283.28598,
326 289.85494,
327 294.98510,
328 291.54504,
329 288.18429,
330 294.11752,
331 290.69754,
332 290.69754,
333 294.98510,
334 300.30017,
335 297.61889,
336 293.25500,
337 298.50732,
338 297.61889,
339 295.85784,
340 302.11465,
341 305.81024,
342 303.03015,
343 298.50732,
344 303.95123,
345 303.03015,
346 301.20468,
347 306.74832,
348 310.55886,
349 307.69216,
350 303.95123,
351 312.49984,
352 310.55886,
353 305.81024,
354 310.55886,
355 310.55886,
356 308.64184,
357 314.46527,
358 317.46017,
359 308.64184,
360 314.46527,
361 320.51266,
362 317.46017,
363 313.47946,
364 317.46017,
365 318.47119,
366 316.45553,
367 320.51266,
368 319.48867,
369 317.46017,
370 322.58050,
371 322.58050,
372 319.48867,
373 324.67517,
374 328.94720,
375 325.73275,
376 326.79724,
377 332.22576,
378 328.94720,
379 323.62445,
380 328.94720,
381 330.03283,
382 326.79724,
383 331.12567,
384 330.03283,
385 328.94720,
386 333.33319,
387 333.33319,
388 330.03283,
389 334.44799,
390 334.44799,
391 332.22576,
392 336.70016,
393 336.70016,
394 333.33319,
395 337.83767,
396 337.83767,
397 335.57031,
398 341.29678,
399 338.98287,
400 336.70016,
401 342.46560,
402 342.46560,
403 338.98287,
404 343.64245,
405 343.64245,
406 341.29678,
407 347.22204,
408 344.82742,
409 343.64245,
410 347.22204,
411 347.22204,
412 344.82742,
413 349.65017,
414 348.43188,
415 346.02059,
416 350.87701,
417 350.87701,
418 347.22204,
419 352.11251,
420 352.11251,
421 349.65017,
422 354.60977,
423 353.35671,
424 350.87701,
425 354.60977,
426 357.14270,
427 353.35671,
428 361.01065,
429 358.42276,
430 354.60977,
431 363.63619,
432 359.71206,
433 359.71206,
434 364.96331,
435 357.14270,
436 361.01065,
437 361.01065,
438 358.42276,
439 363.63619,
440 361.01065,
441 359.71206,
442 364.96331,
443 363.63619,
444 361.01065,
445 366.30020,
446 367.64688,
447 362.31866,
448 373.13415,
449 366.30020,
450 369.00350,
451 373.13415,
452 364.96331,
453 370.37020,
454 369.00350,
455 366.30020,
456 371.74703,
457 370.37020,
458 367.64688,
459 373.13415,
460 373.13415,
461 369.00350,
462 378.78768,
463 369.00350,
464 377.35830,
465 373.13415,
466 370.37020,
467 375.93966,
468 375.93966,
469 371.74703,
470 378.78768,
471 378.78768,
472 378.78768,
473 383.14157,
474 374.53164,
475 380.22796,
476 378.78768,
477 374.53164,
478 380.22796,
479 381.67919,
480 377.35830,
481 386.10021,
482 383.14157,
483 383.14157,
484 381.67919,
485 378.78768,
486 383.14157,
487 383.14157,
488 380.22796,
489 390.62481,
490 386.10021,
491 386.10021,
492 386.10021,
493 381.67919,
494 387.59671,
495 386.10021,
496 383.14157,
497 392.15667,
498 389.10488,
499 389.10488,
500 389.10488,
501 384.61520,
502 390.62481,
503 389.10488,
504 384.61520,
505 396.82522,
506 393.70059,
507 392.15667,
508 390.62481,
509 387.59671,
510 392.15667,
511 393.70059,
512 389.10488,
513 398.40618,
514 389.10488,
515 395.25674,
516 392.15667,
517 390.62481,
518 401.60623,
519 396.82522,
520 396.82522,
521 395.25674,
522 392.15667,
523 396.82522,
524 398.40618,
525 392.15667,
526 404.85812,
527 393.70059,
528 398.40618,
529 398.40618,
530 395.25674,
531 404.85812,
532 401.60623,
533 399.99981,
534 399.99981,
535 395.25674,
536 401.60623,
537 401.60623,
538 403.22561,
539 408.16308,
540 398.40618,
541 403.22561,
542 404.85812,
543 399.99981,
544 409.83587,
545 398.40618,
546 404.85812,
547 399.99981,
548 399.99981,
549 409.83587,
550 401.60623,
551 406.50387,
552 404.85812,
553 401.60623,
554 411.52243,
