data = [19 104.45683,
158 87.00696,
38 95.66327,
175 82.59912,
197 98.16754,
114 103.30579,
68 98.16754,
188 84.26966,
109 99.20635,
120 93.98497,
80 92.59259,
102 84.45946,
47 84.45946,
102 72.11539,
143 79.28118,
142 91.24088,
79 96.64949,
160 86.40554,
52 95.41985,
3 84.26966,
124 66.60746,
114 82.78146,
32 86.80556,
70 71.97697,
18 68.80735,
189 54.66472,
123 96.15385,
116 94.93671,
190 91.24088,
247 104.74861,
56 110.29412,
17 95.17767,
157 76.21952,
230 93.98497,
3 106.53409,
139 88.86256,
79 92.59259,
204 86.20690,
66 104.16667,
22 89.28572,
167 73.67388,
208 93.51622,
141 104.45683,
155 100.26738,
125 98.94459,
158 94.93671,
16 100.53620,
54 80.47210,
157 71.97697,
56 92.59259,
53 81.69935,
118 71.02273,
49 81.87773,
163 73.24219,
35 93.51622,
84 78.78151,
116 77.47934,
30 83.70536,
193 70.22472,
22 99.73404,
211 83.14856,
24 104.74861,
89 87.00696,
251 83.14856,
223 111.94030,
42 110.94675,
123 91.01942,
228 90.79904,
43 107.14286,
13 89.71292,
211 72.95720,
160 103.02198,
178 103.87812,
15 103.02198,
154 83.89262,
233 95.66327,
126 108.69566,
200 100.26738,
14 105.04202,
30 87.82202,
19 70.48873,
234 55.63798,
106 107.75862,
32 97.65625,
185 80.81896,
15 100.00000,
104 82.41758,
6 84.08072,
228 67.32496,
183 105.04202,
173 105.33708,
125 102.17984,
202 98.94459,
177 104.74861,
131 104.16667,
16 98.68421,
162 80.81896,
158 95.66327,
159 97.91123,
216 100.00000]

data2 = [74 45.39952,
76 57.42726,
78 64.32247,
80 68.05808,
82 71.02273,
84 71.83908,
86 73.24219,
88 74.70120,
90 77.96258,
92 78.45188,
94 79.28118,
96 79.44915,
98 81.34490,
100 82.41758,
102 83.51893,
104 84.26966,
106 85.22727,
108 87.20931,
110 87.20931,
112 86.60508,
114 89.71292,
116 88.02817,
118 89.92806,
120 89.28572,
122 91.01942,
124 91.91177,
126 91.24088,
128 91.91177,
130 92.13759,
132 94.45844,
134 94.93671,
136 95.41985,
138 94.22111,
140 94.93671,
142 96.64949,
144 98.16754,
146 96.89923,
148 96.64949,
150 98.16754,
152 98.42520,
154 97.91123,
156 101.07817,
158 98.68421,
160 101.35135,
162 99.20635,
164 100.53620,
166 101.07817,
168 99.73404,
170 102.73973,
172 103.30579,
174 102.45902,
176 103.02198,
178 102.45902,
180 104.16667,
182 102.73973,
184 101.35135,
186 103.02198,
188 102.73973,
190 105.93221,
192 105.04202,
194 106.53409,
196 106.53409,
198 107.14286,
200 107.44986,
202 105.63381,
204 106.83761,
206 105.04202,
208 105.33708,
210 106.83761,
212 107.14286,
214 107.14286,
216 108.06916,
218 106.23229,
220 108.06916,
222 109.64913,
224 106.83761,
226 108.69566,
228 110.29412,
230 107.75862,
232 109.32945,
234 109.01163,
236 108.38150,
238 109.32945,
240 108.69566,
242 111.60714,
244 109.32945,
246 110.29412,
248 111.27597,
250 112.27545,
252 112.61261,
254 115.38462,
256 115.03068]

data3 = [200 0.00000,
200 98.68421,
200 103.02198,
200 104.45683,
200 106.23229,
200 106.23229,
200 106.23229,
200 107.14286,
200 107.44986,
200 105.63381,
200 106.23229,
200 106.23229,
200 106.23229,
200 104.74861,
200 104.74861,
200 104.74861,
200 106.23229,
200 106.23229,
200 106.23229,
200 107.44986,
200 105.63381,
200 105.63381,
200 106.53409,
200 104.74861,
200 104.74861,
200 106.53409,
200 106.53409,
200 106.23229,
200 107.44986,
200 105.63381,
200 106.53409,
200 106.53409,
200 104.74861,
200 105.04202,
200 104.74861,
200 106.53409,
200 106.53409,
200 106.23229,
200 107.75862,
200 105.93221,
200 105.93221,
200 106.53409,
200 104.74861,
200 104.74861,
200 104.74861,
200 106.23229,
200 106.23229,
200 106.23229,
200 107.75862,
200 105.63381,
200 106.53409,
200 106.83761,
200 105.04202,
200 104.74861,
200 106.23229,
200 106.23229,
200 106.53409,
200 107.44986,
200 105.93221,
200 106.53409,
200 106.53409,
200 105.04202,
200 104.74861,
200 104.74861,
200 106.53409,
200 106.23229,
200 106.23229,
200 107.75862,
200 105.93221,
200 105.93221,
200 106.53409,
200 105.04202,
200 105.04202,
200 106.53409,
200 106.23229,
200 106.23229,
200 107.44986,
200 105.93221,
200 105.93221,
200 106.53409,
200 105.04202,
200 105.04202,
200 104.74861,
200 106.53409,
200 106.53409,
200 106.23229,
200 107.75862,
200 105.63381,
200 106.53409,
200 106.53409,
200 104.45683,
200 104.74861,
200 106.23229,
200 106.23229,
200 107.75862,
200 107.44986,
200 105.93221,
200 106.53409,
200 106.23229,
200 104.74861,
200 105.04202]
x3 = data3(:,1);
y3 = data3(:,2);

data4=[0.89 0.00000,
0.89 96.40103,
0.89 105.33708,
0.89 106.83761,
0.89 107.44986,
0.89 107.14286,
0.89 105.63381,
0.89 106.23229,
0.89 106.23229,
0.89 104.45683,
0.89 104.74861,
0.89 104.74861,
0.89 104.45683,
0.89 105.93221,
0.89 105.93221,
0.89 105.93221,
0.89 105.93221,
0.89 105.93221,
0.89 107.14286,
0.89 105.33708,
0.89 105.33708,
0.89 105.63381,
0.89 105.93221,
0.89 105.93221,
0.89 104.45683,
0.89 104.45683,
0.89 104.45683,
0.89 104.45683,
0.89 105.93221,
0.89 105.93221,
0.89 105.93221,
0.89 105.93221,
0.89 107.14286,
0.89 105.33708,
0.89 105.33708,
0.89 105.63381,
0.89 105.93221,
0.89 106.23229,
0.89 106.23229,
0.89 104.74861,
0.89 104.45683,
0.89 104.45683,
0.89 104.45683,
0.89 104.16667,
0.89 105.93221,
0.89 105.93221,
0.89 105.93221,
0.89 105.93221,
0.89 105.63381,
0.89 105.93221,
0.89 106.83761,
0.89 107.14286,
0.89 107.14286,
0.89 105.04202,
0.89 105.33708,
0.89 105.33708,
0.89 105.93221,
0.89 105.93221,
0.89 104.16667,
0.89 104.45683,
0.89 104.45683,
0.89 104.16667,
0.89 104.16667,
0.89 104.45683,
0.89 105.63381,
0.89 105.93221,
0.89 105.93221,
0.89 105.63381,
0.89 107.14286,
0.89 105.63381,
0.89 106.83761,
0.89 105.04202,
0.89 105.33708,
0.89 105.33708,
0.89 105.93221,
0.89 105.93221,
0.89 105.93221,
0.89 104.16667,
0.89 105.93221,
0.89 104.45683,
0.89 104.16667,
0.89 104.45683,
0.89 104.45683,
0.89 105.93221,
0.89 104.16667,
0.89 105.63381,
0.89 105.63381,
0.89 105.93221,
0.89 107.14286,
0.89 105.63381,
0.89 106.83761,
0.89 105.63381,
0.89 107.14286,
0.89 105.33708,
0.89 105.93221,
0.89 105.04202,
0.89 105.93221,
0.89 104.16667,
0.89 104.45683,
0.89 104.45683,
0.89 104.45683]
x4 = data4(:,1);
y4 = data4(:,2);

