data = [
0.00 0.00000,
0.00 0.00000,
0.00 0.00000,
0.00 0.00000,
0.00 0.00000,
0.00 0.00000,
0.00 0.00000,
0.00 0.00000,
0.00 0.00000,
0.00 0.00000,
0.00 0.00000,
0.00 0.00000,
0.00 0.00000,
0.00 0.00000,
0.00 0.00000,
0.00 0.00000,
0.00 0.00000,
0.00 0.00000,
0.00 0.00000,
0.00 0.00000,
0.00 0.00000,
0.00 0.00000,
0.00 0.00000,
0.00 0.00000,
5.00 0.00000,
5.00 0.00000,
5.00 0.00000,
5.00 0.06077,
5.00 0.06077,
5.00 0.06077,
5.00 0.06077,
5.00 34.04833,
5.00 34.04833,
5.00 53.36177,
5.00 53.36177,
5.00 53.36177,
5.00 52.27389,
5.00 52.27389,
5.00 51.02038,
5.00 51.02038,
5.00 51.02038,
5.00 47.89270,
5.00 47.89270,
5.00 47.89270,
5.00 45.02474,
5.00 45.02474,
5.00 45.02474,
5.00 40.79965,
5.00 40.79965,
10.00 40.79965,
10.00 37.28559,
10.00 37.28559,
10.00 37.28559,
10.00 37.28559,
10.00 37.28559,
10.00 34.53037,
10.00 34.53037,
10.00 34.53037,
10.00 34.53037,
10.00 31.34795,
10.00 31.34795,
10.00 31.34795,
10.00 31.34795,
10.00 28.65328,
10.00 28.65328,
10.00 28.65328,
10.00 28.65328,
10.00 28.65328,
10.00 28.65328,
10.00 23.83789,
10.00 23.83789,
10.00 23.83789,
10.00 23.83789,
10.00 23.83789,
15.00 23.83789,
15.00 23.83789,
15.00 17.28010,
15.00 17.28010,
15.00 17.28010,
15.00 17.28010,
15.00 17.28010,
15.00 17.28010,
15.00 17.28010,
15.00 17.28010,
15.00 17.28010,
15.00 17.28010,
15.00 17.28010,
15.00 17.28010,
15.00 17.28010,
15.00 17.28010,
15.00 17.28010,
15.00 17.28010,
15.00 17.28010,
15.00 17.28010,
15.00 17.28010,
15.00 17.28010,
15.00 17.28010,
15.00 17.28010,
15.00 17.28010,
20.00 17.28010,
20.00 17.28010,
20.00 17.28010,
20.00 17.28010,
20.00 17.28010,
20.00 17.28010,
20.00 17.28010,
20.00 17.28010,
20.00 17.28010,
20.00 17.28010,
20.00 17.28010,
20.00 17.28010,
20.00 17.28010,
20.00 17.28010,
20.00 17.28010,
20.00 17.28010,
20.00 17.28010,
20.00 17.28010,
20.00 17.28010,
20.00 17.28010,
20.00 17.28010,
20.00 17.28010,
20.00 17.28010,
20.00 17.28010,
20.00 17.28010,
25.00 17.28010,
25.00 17.28010,
25.00 17.28010,
25.00 17.28010,
25.00 17.28010,
25.00 17.28010,
25.00 17.28010,
25.00 17.28010,
25.00 17.28010,
25.00 17.28010,
25.00 17.28010,
25.00 17.28010,
25.00 17.28010,
25.00 17.28010,
25.00 17.28010,
25.00 17.28010,
25.00 17.28010,
25.00 17.28010,
25.00 17.28010,
25.00 17.28010,
25.00 17.28010,
25.00 17.28010,
25.00 17.28010,
25.00 17.28010,
25.00 17.28010,
30.00 17.28010,
30.00 17.28010,
30.00 17.28010,
30.00 17.28010,
30.00 17.28010,
30.00 17.28010,
30.00 17.28010,
30.00 17.28010,
30.00 17.28010,
30.00 17.28010,
30.00 17.28010,
30.00 17.28010,
30.00 17.28010,
30.00 17.28010,
30.00 17.28010,
30.00 17.28010,
30.00 17.28010,
30.00 17.28010,
30.00 17.28010,
30.00 17.28010,
30.00 17.28010,
30.00 17.28010,
30.00 17.28010,
30.00 17.28010,
30.00 17.28010,
35.00 17.28010,
35.00 17.28010,
35.00 17.28010,
35.00 17.28010,
35.00 17.28010,
35.00 1.28020,
35.00 1.28020,
35.00 57.50429,
35.00 119.04756,
35.00 120.77289,
35.00 120.48188,
35.00 120.48188,
35.00 117.09597,
35.00 116.14397,
35.00 112.61256,
35.00 111.11106,
35.00 111.23465,
35.00 110.01095,
35.00 110.01095,
35.00 110.13211,
35.00 107.18109,
35.00 106.04449,
35.00 102.77487,
35.00 102.77487,
35.00 101.01006,
40.00 100.80641,
40.00 99.30482,
40.00 99.20631,
40.00 99.20631,
40.00 96.15380,
40.00 94.78668,
40.00 94.78668,
40.00 91.49127,
40.00 89.52548,
40.00 89.52548,
40.00 89.20603,
40.00 87.56564,
40.00 87.56564,
40.00 87.26000,
40.00 84.17504,
40.00 84.17504,
40.00 82.57635,
40.00 79.17653,
40.00 79.17653,
40.00 77.04157,
40.00 77.04157,
40.00 76.21948,
40.00 76.21948,
40.00 74.40473,
40.00 74.40473,
45.00 73.80071,
45.00 70.67135,
45.00 70.67135,
45.00 68.72850,
45.00 68.72850,
45.00 65.14656,
45.00 65.14656,
45.00 62.65661,
45.00 62.65661,
45.00 61.31205,
45.00 61.31205,
45.00 61.31205,
45.00 59.20660,
45.00 59.20660,
45.00 58.10572,
45.00 58.10572,
45.00 54.85461,
45.00 54.85461,
45.00 54.85461,
45.00 52.35599,
45.00 52.35599,
45.00 48.40269,
45.00 48.40269,
45.00 48.40269,
45.00 45.24885,
50.00 45.24885,
50.00 45.24885,
50.00 42.91843,
50.00 42.91843,
50.00 42.91843,
50.00 42.91843,
50.00 40.19290,
50.00 40.19290,
50.00 40.19290,
50.00 38.19708,
50.00 38.19708,
50.00 38.19708,
50.00 38.19708,
50.00 34.28178,
50.00 34.28178,
50.00 34.28178,
50.00 34.28178,
50.00 30.08422,
50.00 30.08422,
50.00 30.08422,
50.00 30.08422,
50.00 30.08422,
50.00 30.08422,
50.00 24.05001,
50.00 24.05001,
55.00 24.05001,
55.00 24.05001,
55.00 24.05001,
55.00 24.05001,
55.00 24.05001,
55.00 17.25327,
55.00 17.25327,
55.00 17.25327,
55.00 17.25327,
55.00 17.25327,
55.00 17.25327,
55.00 17.25327,
55.00 17.25327,
55.00 17.25327,
55.00 17.25327,
55.00 17.25327,
55.00 17.25327,
55.00 17.25327,
55.00 17.25327,
55.00 17.25327,
55.00 17.25327,
55.00 17.25327,
55.00 17.25327,
55.00 17.25327,
55.00 17.25327,
60.00 17.25327,
60.00 6.30239,
60.00 6.30239,
60.00 6.30239,
60.00 52.77042,
60.00 107.06633,
60.00 110.01095,
60.00 108.34231,
60.00 108.34231,
60.00 104.60247,
60.00 102.88061,
60.00 102.66936,
60.00 102.66936,
60.00 101.41983,
60.00 101.52280,
60.00 98.42515,
60.00 98.42515,
60.00 97.27622,
60.00 93.72067,
60.00 91.99628,
60.00 91.99628,
60.00 91.49127,
60.00 89.84722,
60.00 89.84722,
60.00 89.60569,
65.00 86.50515,
65.00 86.50515,
65.00 84.96173,
65.00 81.49956,
65.00 81.49956,
65.00 79.42808,
65.00 79.42808,
65.00 78.67817,
65.00 76.86392,
65.00 76.86392,
65.00 76.33584,
65.00 76.33584,
65.00 73.26004,
65.00 73.26004,
65.00 71.37756,
65.00 67.79658,
65.00 67.79658,
65.00 65.40219,
65.00 65.40219,
65.00 65.40219,
65.00 64.06147,
65.00 64.06147,
65.00 62.07321,
65.00 62.07321,
65.00 61.01278,
70.00 61.01278,
70.00 57.80344,
70.00 57.80344,
70.00 57.80344,
70.00 55.34032,
70.00 55.34032,
70.00 51.41386,
70.00 51.41386,
70.00 51.41386,
70.00 48.40269,
70.00 48.40269,
70.00 48.40269,
70.00 46.29627,
70.00 46.29627,
70.00 46.29627,
70.00 43.74451,
70.00 43.74451,
70.00 43.74451,
70.00 41.91113,
70.00 41.91113,
70.00 41.91113,
70.00 38.15336,
70.00 38.15336,
70.00 38.15336,
70.00 38.15336,
75.00 34.28178,
75.00 34.28178,
75.00 34.28178,
75.00 34.28178,
75.00 34.28178,
75.00 28.85169,
75.00 28.85169,
75.00 28.85169,
75.00 34.11803,
75.00 34.11803,
75.00 62.07321,
75.00 62.07321,
75.00 70.32346,
75.00 70.32346,
75.00 70.82150,
75.00 70.82150,
75.00 67.65897,
75.00 67.65897,
75.00 65.61677,
75.00 65.61677,
75.00 62.03471,
75.00 62.03471,
75.00 62.03471,
75.00 59.45300,
75.00 59.45300,
80.00 57.93740,
80.00 57.93740,
80.00 55.80355,
80.00 55.80355,
80.00 55.80355,
80.00 54.49589,
80.00 54.49589,
80.00 51.22948,
80.00 51.22948,
80.00 51.22948,
80.00 48.40269,
80.00 48.40269,
80.00 48.40269,
80.00 46.21070,
80.00 46.21070,
80.00 53.44733,
80.00 53.44733,
80.00 69.10847,
80.00 69.10847,
80.00 70.17541,
80.00 70.17541,
80.00 69.30004,
80.00 69.30004,
80.00 66.18131,
80.00 66.18131,
85.00 64.06147,
85.00 64.06147,
85.00 60.38644,
85.00 60.38644,
85.00 58.34303,
85.00 58.34303,
85.00 58.34303,
85.00 61.61426,
85.00 72.09803,
85.00 72.09803,
85.00 78.67817,
85.00 78.67817,
85.00 76.27762,
85.00 74.34941,
85.00 74.34941,
85.00 70.72132,
85.00 70.72132,
85.00 68.39942,
85.00 68.39942,
85.00 67.29472,
85.00 67.29472,
85.00 67.06905,
85.00 67.06905,
85.00 67.11406,
85.00 67.11406,
90.00 65.35945,
90.00 65.35945,
90.00 68.30598,
90.00 85.25145,
90.00 85.25145,
90.00 96.43197,
90.00 98.23178,
90.00 98.23178,
90.00 96.52506,
90.00 96.24635,
90.00 93.19660,
90.00 93.19660,
90.00 91.74308,
90.00 88.26122,
90.00 88.26122,
90.00 86.28124,
90.00 85.68977,
90.00 85.68977,
90.00 84.03358,
90.00 83.61200,
90.00 83.61200,
90.00 80.58014,
90.00 80.58014,
90.00 78.86432,
90.00 78.86432,
95.00 75.18794,
95.00 76.10346,
95.00 76.10346,
95.00 88.10569,
95.00 96.43197,
95.00 97.46585,
95.00 97.46585,
95.00 94.60734,
95.00 92.93676,
95.00 92.93676,
95.00 89.44540,
95.00 87.41255,
95.00 87.41255,
95.00 86.95648,
95.00 85.32420,
95.00 85.32420,
95.00 84.96173,
95.00 81.90005,
95.00 81.90005,
95.00 80.19242,
95.00 80.19242,
95.00 79.05135,
95.00 83.47241,
95.00 83.47241,
95.00 90.41587,
100.00 90.57967,
100.00 90.49770,
100.00 90.49770,
